9340.54  
9353.25  
9373.3078
9425.3788
9459.2095
9486.6818
9534.1629
9547.4049
9665.4197
10139.75  
10562.4075
10798.0429
10844.4772
8082.4580
8118.5492
8128.9108
8136.4057
8259.3790
8266.0772
8267.1165
8300.3263
8365.7485
8377.6065
8418.4274
8463.3575
8484.4435
8495.3598
8544.6958
8571.3524
8582.9028
8591.2587
8634.6470
8647.0411
8654.3831
8679.4925
8681.9211
8704.1116
8767.5360
8771.6563
8780.6210
8782.0012
8783.7533
8792.5050
8830.9072
8853.8668
8865.3063
8865.7552
8919.5006
8988.5564
9148.6716
9201.7591
9220.0583 
9221.5801 
9226.6903 
9275.5196 
9300.8527 
9310.5839 
9313.9726 
9326.5068 
9373.3078 
7024.0504 
7032.4131 
7051.2923 
7059.1074 
7112.3106 
7173.9381 
7245.1666 
7304.844  
7438.8984 
7472.4386 
7488.8712 
7535.7741 
7544.0443 
7724.6281 
7728.82   
7833.0303 
7839.0546 
7839.9893 
7927.1177 
7936.9961 
7943.1814 
7944.1411 
8024.05   
8041.76   
8076.07   
8082.4580 
8093.11   
8118.5492 
8128.9108 
8136.4057 
6246.7281 
6258.7901 
6266.4950 
6293.7458 
6304.7889 
6313.6894 
6328.1653 
6330.8945 
6334.4278 
6351.8564 
6364.9975 
6382.9917 
6401.0763 
6402.2460 
6409.7502 
6421.7070 
6444.7104 
6506.5281 
6532.8822 
6598.9529 
6602.9038 
6652.0927 
6666.8925 
6678.2762 
6716.43   
6717.0430 
6907.52   
6929.4673 
7024.0504 
7032.4131 
7051.2923 
7059.1074 
7081.90   
7091.86   
7173.9381 
7245.1666 
5656.6587 
5675.86   
5689.8161 
5718.8829 
5719.2255 
5748.2990 
5764.4191 
5769.60   
5789.66   
5790.66   
5803.78   
5804.4494 
5811.4072 
5820.1558 
5852.4879 
5872.8271 
5881.8952 
5913.6325 
5918.9080 
5944.8342 
5965.4716 
5974.6283 
5975.5340 
5987.9070 
6000.9263 
6029.9969 
6074.3377 
6096.1631 
6128.4499 
6142.5055 
6143.0626 
6150.2980 
6163.5939 
6182.1480 
6205.7782 
6213.8773 
6217.2812 
6246.7281 
6258.7901 
6266.4950 
6293.7458 
6304.7889 
6313.6894 
6328.1653 
6330.8945 
6334.4278 
6351.8564 
6364.9975 
6382.9917 
6401.0763 
6402.2460 
6409.7502 
6421.7070 
6444.7104 
6506.5281 
6532.8822 
5116.5030 
5120.64   
5122.2566 
5122.3511 
5137.94   
5144.9374 
5145.0322 
5188.6126 
5193.1252 
5193.2223 
5203.8956 
5290.74   
5298.1895 
5316.78   
5326.3964
5330.7774 
5341.0936 
5343.2838 
5349.2025 
5354.05   
5355.1627 
5355.4222 
5360.0108 
5384.63   
5400.5618 
5412.6483 
5418.5589 
5433.6509 
5448.5097 
5460.74   
5549.63   
5562.4426 
5562.7667 
5652.5676
5656.6587 
5662.5489
5675.86   
5689.8161 
5718.8829 
5719.2255 
5748.2990 
5760.5896
5764.4191 
5769.60   
5789.66   
5790.66   
5803.78   
5804.4494 
5811.4072 
5820.1558 
5852.4879 
5859.25   
5871.98   
5872.8271 
5881.8952 
5902.4620
5906.4278
5913.6325 
5918.9080 
5944.8342 
5961.6243
5965.4716 
5974.6283 
5975.5340 
4916.07   
5031.3493 
5037.7510 
5080.3850 
5113.6726
5116.5030 
5122.2566 
5122.3511 
5144.9374 
5145.0322 
5188.6126 
5203.8956 
5222.3518 
5234.0273 
5298.1895 
5326.3964 
5330.7774 
5341.0936 
5343.2838 
5400.5618 
5460.74   
4339.22   
4347.49   
4358.33   
4704.3950 
4708.8593 
4710.0669 
4712.0641
4715.3453 
4752.7315
4788.9255 
4790.2174 
4837.3126 
4884.9184 
4916.07   
4957.0337 
5037.7510 
4046.56   
4077.83   
4108.05   
4339.22   
4347.49   
4358.33   
4046.56   
4077.83   
4108.05   
4339.22   
4347.49   
4358.33   
