4046.56
4077.83
4108.05
4339.22
4347.49
4358.33
4501.00
4524.68
4582.75
4624.28
4671.23
4704.40
4708.86
4710.07
4712.06
4715.35
4734.15
4752.73
4788.93
4790.22
4792.62
4807.02
4807.02
4829.71
4829.71
4837.31
4843.29
4843.29
4884.92
4916.07
4916.51
4916.51
4923.15
4957.03
5028.28
5031.35
5037.75
5080.38
5113.67
5116.50
5120.64
5122.26
5122.35
5137.94
5144.94
5145.03
5188.61
5193.12
5193.22
5203.90
5222.35
5234.03
5290.74
5298.19
5316.78
5326.40
5330.78
5341.09
5343.28
5349.20
5354.05
5355.16
5355.42
5360.01
5384.63
5392.80
5400.56
5412.65
5418.56
5433.65
5448.51
5460.74
5549.63
5562.44
5562.77
5566.62
5652.57
5656.66
5662.55
5675.86
5689.82
5695.75
5718.88
5719.23
5748.30
5760.59
5764.42
5769.60
5789.66
5790.66
5803.78
5804.45
5811.41
5820.16
5823.89
5824.80
5852.49
5859.25
5871.98
5872.83
5875.02
5881.90
5894.99
5902.46
5906.43
5913.63
5918.91
5934.17
5944.83
5961.62
5965.47
5974.63
5975.53
5987.91
6000.93
6030.00
6074.34
6096.16
6128.45
6142.51
6143.06
6150.30
6163.59
6178.30
6179.66
6182.15
6182.42
6198.26
6205.78
6213.88
6217.28
6246.73
6258.79
6266.50
6286.01
6293.75
6304.79
6313.69
6318.06
6328.17
6330.89
6334.43
6351.86
6365.00
6382.99
6401.08
6402.25
6409.75
6421.71
6444.71
6469.71
6472.84
6487.76
6498.72
6504.18
6506.53
6532.88
6533.16
6595.56
6598.95
6602.90
6652.09
6666.89
6668.92
6678.28
6716.43
6717.04
6728.01
6827.32
6872.11
6882.15
6907.52
6925.53
6929.47
6976.18
7024.05
7032.41
7051.29
7059.11
7081.90
7091.86
7112.31
7119.60
7173.94
7245.17
7304.84
7386.00
7393.79
7438.90
7472.44
7488.87
7535.77
7544.04
7584.68
7642.02
7643.91
7724.63
7728.82
7802.65
7833.03
7839.05
7839.99
7881.32
7887.40
7927.12
7937.00
7943.18
7944.14
7967.34
8024.05
8029.67
8041.76
8057.26
8061.34
8076.07
8082.46
8093.11
8101.98
8118.55
8128.91
8136.41
8171.02
8206.34
8231.63
8259.38
8266.08
8266.52
8267.12
8280.12
8300.33
8346.82
8365.75
8377.61
8409.19
8418.43
8463.36
8484.44
8495.36
8544.70
8571.35
8576.01
8582.90
8591.26
8634.65
8647.04
8648.54
8654.38
8679.49
8681.92
8692.20
8696.86
8704.11
8739.39
8758.20
8767.54
8771.66
8780.62
8782.00
8783.75
8792.50
8819.41
8830.91
8853.87
8862.32
8865.31
8865.75
8908.73
8919.50
8930.83
8952.25
8981.05
8987.57
8988.56
9045.45
9148.67
9162.65
9167.52
9201.76
9220.06
9221.58
9226.69
9275.52
9300.85
9310.58
9313.97
9326.51
9340.54
9353.25
9373.31
9374.76
9425.38
9459.21
9486.68
9513.38
9534.16
9547.41
9665.42
9685.32
9718.16
9799.70
9923.19
10139.8
10562.4
10798.0
10838.4
10844.5
