 9374.76  
 9513.38  
 9685.32  
 9718.16  
 9799.700 
 9923.192
10838.37  
 8029.67  
 8057.26  
 8061.34  
 8101.98  
 8171.02  
 8206.341 
 8231.635 
 8266.519 
 8280.116 
 8346.823 
 8409.190 
 8576.01  
 8648.54  
 8692.20  
 8696.86  
 8739.390 
 8758.20  
 8819.412 
 8862.320 
 8908.73  
 8930.83  
 8952.254 
 8981.05  
 8987.57  
 9045.446 
 9162.654 
 9167.52  
 9374.76  
 7119.598 
 7386.00  
 7393.79  
 7584.68  
 7642.02  
 7643.91  
 7802.65  
 7881.32  
 7887.395 
 7967.341 
 8029.67  
 8057.26  
 8061.34  
 8101.98  
 8171.02  
 8206.341 
 6286.01  
 6318.062 
 6469.705 
 6472.84  
 6487.76  
 6498.72  
 6504.18  
 6533.16  
 6595.56  
 6668.92  
 6728.01  
 6827.32  
 6872.11  
 6882.155 
 6925.53  
 6976.18  
 7119.598 
 5695.75  
 5823.890 
 5824.80  
 5875.02  
 5894.99  
 5934.17  
 6178.30  
 6179.66  
 6182.420 
 6198.26  
 6286.01  
 6318.062 
 6469.705 
 6472.84  
 6487.76  
 6498.72  
 6504.18  
 6533.16  
 5392.80  
 5566.62  
 5695.75  
 5823.89  
 5824.80  
 5875.02  
 5894.99  
 5934.17  
 4807.02  
 4829.71  
 4843.29  
 4916.51  
 4923.152 
 5028.280 
4501.0   
4524.681
4582.747
4624.276
4671.226
4734.152
4792.619
4807.019
4829.709
4843.294
4916.508
4923.152
5028.280
4501.0   
4524.681
4582.747
4624.276
4671.226
