9375.961
9419.729
9439.650
9458.528
9502.815
9502.815
9552.534
9607.726
9674.234
9690.505
9699.338
9711.706
9719.831
9738.090
9791.118
9848.485
9872.137
9894.745
9972.349
9999.996
10012.810
10060.715
10103.605
10152.973
10181.035
10189.707
10203.048
10230.660
10271.083
10286.638
10347.292
10372.877
10396.538
10450.501
8014.059
8052.020
8281.682
8286.398
8288.603
8296.240
8298.896
8310.719
8343.033
8344.602
8382.392
8399.170
8415.231
8430.174
8452.250
8493.389
8727.13
8767.912
8778.333
8791.186
8827.096
8885.850
8903.114
8943.395
8988.366
8903.114
8943.395
8988.366
9337.854
7253.127
7276.405
7281.562
7284.439
7303.716
7316.282
7329.148
7340.885
7358.659
7392.198
7429.781
7466.611
7473.678
7483.476
7493.670
7530.713
7557.492
7571.746
7586.093
7598.443
7618.050
7653.313
7691.911
7726.040
7750.640
7759.996
7780.431
7794.112
7808.467
7821.503
7841.266
7857.994
7860.658
7867.730
7870.730
7878.783
7881.682
7913.708
7949.204
7964.650
7979.768
7993.332
8014.059
8052.020
6257.961
6265.215
6278.090
6287.434
6300.304
6321.398
6348.532
6363.78
6379.315
6413.802
6477.910
6498.729
6504.995
6522.425
6533.044
6544.022
6553.617
6562.82
6568.779
6583.41
6596.643
6627.624
6841.945
6863.955
6870.994
6889.288
6900.833
6912.623
6923.220
6939.521
6969.930
7003.858
7253.127
7276.405
7281.562
7284.439
5888.183
5889.953
5989.953
5906.699
5915.301
5924.723
5932.862
5945.932
5953.420
5970.278
5997.765
6028.436
6144.477
6150.926
6170.638
6176.286
6184.408
6192.937
6202.720
6213.058
6221.771
6234.293
6240.198
6241.688
6243.642
6248.002
6257.961
6261.757
6265.215
6278.090
6287.434
6297.903
6300.304
6321.398
6348.532
6363.78
6379.315
6413.802
6477.910
6498.729
6504.995
6522.425
6533.044
6544.022
6553.617
6562.82
5542.237
5563.993
5569.538
5577.338
5581.213
5589.128
5597.785
5605.143
5617.161
5623.830
5639.292
5664.181
5888.183
5889.953
5989.953
5906.699
5915.301
5924.723
5932.862
5945.932
5953.420
5970.278
5202.975
5206.774
5224.137
5238.747
