3093.40
3139.02
3161.37
3169.67
3181.04
3204.32
3243.69
3249.80
3281.70
3307.23
3350.92
3376.44
3388.53
3454.10
3476.75
3478.23
3480.51
3499.48
3509.78
3514.39
3519.99
3521.26
3521.98
3535.32
3548.51
3554.31
3556.90
3559.51
3561.03
3565.03
3567.66
3576.62
3581.61
3582.35
3588.44
3605.88
3606.52
3622.14
3632.68
3637.03
3639.83
3649.83
3650.89
3655.28
3656.05
3659.53
3660.44
3669.60
3671.00
3673.26
3678.27
3680.06
3682.54
3690.90
3706.93
3709.91
3714.73
3717.17
3718.21
3720.43
3724.52
3729.31
3737.89
3746.45
3750.48
3753.52
3754.05
3763.51
3765.27
3766.12
3770.52
3780.84
3786.38
3796.59
3799.38
3803.17
3808.57
3809.46
3819.02
3825.67
3826.81
3834.68
3841.52
3844.73
3845.41
3850.58
3856.14
3861.75
3868.53
3872.14
3875.26
3880.33
3891.40
3891.98
3894.66
3895.25
3900.63
3911.58
3914.77
3925.72
3926.05
3928.62
3931.24
3932.55
3944.27
3946.10
3947.50
3948.98
3952.73
3958.38
3968.36
3974.48
3974.76
3979.36
3979.72
3988.16
3992.05
3994.79
3999.25
4001.14
4005.36
4011.21
4013.86
4019.84
4022.63
4031.38
4033.81
4035.46
4038.80
4042.89
4044.42
4045.68
4045.97
4046.56
4047.48
4052.92
4054.53
4062.64
4063.24
4070.78
4072.00
4072.39
4076.63
4076.94
4077.83
4079.57
4082.39
4099.46
4103.91
4108.05
4112.82
4116.38
4128.64
4129.68
4131.72
4144.24
4156.09
4158.59
4164.18
4168.97
4178.37
4179.30
4181.88
4189.65
4190.71
4191.03
4198.32
4199.89
4200.67
4201.55
4201.97
4203.41
4216.25
4217.43
4218.67
4222.64
4226.61
4226.99
4228.16
4229.87
4237.22
4240.83
4248.96
4251.18
4255.60
4259.36
4266.29
4266.53
4272.17
4277.53
4282.90
4297.96
4300.10
4300.65
4309.24
4331.20
4332.03
4333.56
4335.34
4337.07
4338.23
4339.22
4345.17
4345.90
4347.49
4348.06
4352.21
4358.33
4362.07
4363.79
4367.83
4370.75
4371.33
4372.49
4374.86
4375.95
4379.67
4382.93
4383.75
4385.06
4386.97
4397.80
4400.10
4400.99
4401.75
4404.90
4406.47
4420.91
4423.99
4426.00
4430.19
4431.00
4433.84
4438.12
4439.46
4439.88
4440.12
4445.85
4448.46
4448.88
4449.52
4460.56
4471.38
4474.76
4480.35
4481.81
4490.98
4498.54
4501.00
4502.93
4507.83
4509.37
4510.73
4522.32
4524.68
4530.55
4530.79
4535.49
4537.64
4543.87
4545.05
4547.76
4554.32
4561.01
4563.74
4564.41
4579.35
4582.75
4589.90
4596.10
4598.76
4609.57
4624.28
4628.44
4637.23
4647.97
4651.12
4657.90
4671.23
4682.28
4702.32
4704.40
4708.86
4710.07
4712.06
4715.35
4721.59
4726.87
4732.05
4734.15
4735.91
4752.73
4752.94
4764.86
4788.93
4790.22
4792.62
4806.02
4807.02
4807.02
4829.71
4829.71
4837.31
4843.29
4843.29
4847.81
4865.91
4876.26
4879.86
4882.24
4884.92
4888.26
4889.04
4902.10
4904.75
4914.31
4916.07
4916.51
4916.51
4923.15
4933.21
4942.92
4957.03
4965.08
4972.16
5009.33
5017.16
5028.28
5031.35
5037.75
5048.81
5054.18
5062.04
5080.38
5087.08
5090.50
5113.67
5116.50
5118.20
5120.64
5122.26
5122.35
5125.77
5137.94
5141.78
5144.94
5145.03
5145.31
5151.39
5162.28
5165.77
5176.23
5177.54
5187.75
5188.61
5193.12
5193.22
5203.90
5208.07
5216.81
5218.20
5221.27
5222.35
5234.03
5241.09
5254.46
5290.74
5298.19
5316.78
5326.40
5330.78
5341.09
5343.28
5349.20
5354.05
5355.16
5355.42
5360.01
5373.49
5384.63
5392.80
5400.56
5410.47
5412.65
5418.56
5421.35
5433.65
5439.99
5442.24
5443.69
5448.51
5451.65
5457.42
5460.74
5467.16
5473.45
5490.12
5495.87
5498.18
5506.11
5524.96
5549.63
5558.70
5562.44
5562.77
5566.62
5572.54
5577.68
5581.87
5588.72
5597.48
5601.12
5606.73
5641.38
5648.69
5650.70
5652.57
5656.66
5659.13
5662.55
5675.86
5681.90
5689.82
5691.66
5695.75
5700.87
5718.88
5719.23
5738.39
5739.52
5748.30
5760.59
5764.42
5769.60
5772.11
5774.01
5783.54
5789.66
5790.66
5802.08
5803.78
5804.45
5811.41
5820.16
5823.89
5824.80
5834.26
5852.49
5859.25
5860.31
5871.98
5872.83
5875.02
5881.90
5882.62
5888.58
5894.99
5902.46
5906.43
5912.09
5913.63
5916.60
5918.91
5927.13
5928.81
5934.17
5942.67
5944.83
5949.26
5961.62
5965.47
5971.60
5974.63
5975.53
5987.91
5997.16
5999.00
6000.93
6005.72
6013.68
6025.15
6030.00
6032.13
6043.22
6046.90
6052.72
6059.37
6064.75
6074.34
6081.24
6085.88
6090.78
6096.16
6098.80
6101.16
6103.54
6105.64
6113.47
6114.92
6119.66
6123.36
6127.42
6128.45
6128.72
6142.51
6143.06
6145.44
6150.30
6155.24
6163.59
6165.12
6170.17
6173.10
6174.40
6178.30
6179.66
6182.15
6182.42
6198.26
6205.78
6212.50
6213.88
6215.94
6217.28
6243.12
6246.73
6248.41
6258.79
6266.49
6286.01
6293.75
6296.87
6304.79
6307.66
6313.69
6318.06
6328.17
6330.89
6333.15
6334.43
6351.86
6357.02
6364.89
6365.00
6369.57
6382.99
6384.72
6396.61
6399.21
6401.08
6402.25
6403.01
6409.75
6416.31
6418.37
6421.71
6431.56
6437.60
6441.90
6443.86
6444.71
6466.55
6468.05
6469.71
6472.43
6472.84
6481.15
6483.08
6487.76
6493.97
6498.72
6499.11
6504.18
6506.53
6532.88
6533.16
6538.11
6595.56
6598.95
6602.90
6604.85
6620.97
6632.08
6638.22
6639.74
6643.70
6652.09
6656.94
6660.68
6664.05
6666.36
6666.89
6668.92
6677.28
6678.28
6684.29
6698.87
6716.43
6717.04
6719.22
6728.01
6752.83
6756.16
6766.61
6827.25
6827.32
6861.27
6863.54
6871.29
6872.11
6879.58
6882.15
6888.17
6907.52
6925.53
6929.47
6937.66
6951.48
6960.25
6965.43
6976.18
6992.21
7024.05
7030.25
7032.41
7051.29
7059.11
7067.22
7081.90
7091.86
7112.31
7119.60
7125.82
7147.04
7173.94
7206.98
7235.37
7245.17
7272.94
7304.84
7311.72
7353.29
7372.12
7383.98
7386.00
7393.79
7438.90
7472.44
7488.87
7503.87
7514.65
7535.77
7544.04
7584.68
7635.11
7642.02
7643.91
7723.76
7724.21
7724.63
7728.82
7802.65
7833.03
7839.05
7839.99
7881.32
7887.40
7927.12
7937.00
7943.18
7944.14
7948.18
7967.34
8006.16
8014.79
8024.05
8029.67
8041.76
8057.26
8061.34
8076.07
8082.46
8093.11
8101.98
8103.69
8115.31
8118.55
8128.91
8136.41
8171.02
8206.34
8231.63
8259.38
8264.52
8266.08
8266.52
8267.12
8280.12
8300.33
8346.82
8365.75
8377.61
8408.21
8409.19
8418.43
8424.65
8463.36
8484.44
8495.36
8521.44
8544.70
8571.35
8576.01
8582.90
8591.26
8634.65
8647.04
8648.54
8654.38
8667.94
8679.49
8681.92
8692.20
8696.86
8704.11
8739.39
8758.20
8767.54
8771.66
8780.62
8782.00
8783.75
8792.50
8819.41
8830.91
8853.87
8862.32
8865.31
8865.75
8908.73
8919.50
8930.83
8952.25
8981.05
8987.57
8988.56
9045.45
9122.97
9148.67
9162.65
9167.52
9201.76
9220.06
9221.58
9224.50
9226.69
9275.52
9300.85
9310.58
9313.97
9326.51
9340.54
9353.25
9354.22
9373.31
9374.76
9425.38
9459.21
9486.68
9513.38
9534.16
9547.41
9657.79
9665.42
9685.32
9718.16
9784.50
9799.70
9923.19
10139.8
10470.1
10562.4
10798.0
10838.4
10844.5
